TT     PID    AT     CT     IO_D     WT      RT     TRT    
15     2      10     56      27      0       0      5      
20     3      15     134     0       0       0      5      
25     4      20     81      5       0       0      5      
45     7      39     73      9       6       0      6      
52     5      25     27      0       0       0      27     
74     13     54     92      5       20      0      20     
104    14     63     34      0       7       7      41     
107    23     87     20      0       0       0      20     
155    29     120    81      5       35      0      35     
165    31     130    107     22      35      0      35     
210    39     163    34      0       47      0      47     
218    41     168    199     20      50      0      50     
231    30     125    27      0       79      5      106    
254    45     177    108     0       77      0      77     
283    51     201    200     37      81      46     82     
288    56     230    107     22      52      0      58     
289    10     45     200     0       44      0      244    
295    62     250    80      4       45      0      45     
307    73     287    20      0       0       0      20     
321    8      41     90      30      190     11     280    
349    28     115    134     0       100     3      234    
350    82     339    73      9       0       0      11     
355    83     341    90      30      14      0      14     
358    84     343    121     21      15      0      15     
370    85     345    200     0       25      0      25     
370    48     187    20      0       163     10     183    
375    25     100    35      0       240     13     275    
380    24     95     40      3       245     21     285    
381    12     50     80      4       251     1      331    
407    98     387    20      0       0       0      20     
417    89     363    34      0       20      20     54     
418    36     148    134     4       136     31     270    
452    50     200    35      0       217     20     252    
454    55     225    27      0       202     20     229    
487    32     139    73      9       275     7      348    
529    99     395    40      3       94      14     134    
546    54     220    81      5       245     17     326    
589    64     263    34      0       292     12     326    
595    95     377    108     0       110     110    218    
598    27     110    56      27      432     0      488    
630    80     325    27      0       278     0      305    
630    15     65     88      22      477     1      565    
635    49     195    40      3       400     14     440    
669    77     310    56      27      303     16     359    
680    79     320    81      5       279     17     360    
685    75     300    35      0       350     12     385    
713    69     274    93      14      346     324    439    
718    74     295    40      3       383     11     423    
738    94     374    93      14      271     43     364    
744    6      30     107     22      607     11     714    
765    96     380    183     34      202     26     385    
818    78     315    134     0       369     369    503    
823    9      43     121     21      659     49     780    
832    70     277    108     0       447     20     555    
839    47     183    127     0       529     20     656    
844    100    400    35      0       409     0      444    
847    52     210    56      27      581     17     637    
852    57     239    73      9       540     350    613    
854    87     350    80      4       424     2      504    
864    58     241    90      30      533     80     623    
869    38     154    92      5       623     11     715    
877    33     141    90      30      646     0      736    
925    59     243    121     21      561     0      682    
926    90     365    88      22      473     23     561    
1060   40     165    88      22      807     13     895    
1091   65     265    88      22      738     16     826    
1097   22     83     127     0       887     4      1014   
1098   37     150    80      4       868     9      948    
1112   72     283    127     0       702     75     829    
1140   19     74     93      14      973     0      1066   
1168   81     330    107     22      731     1      838    
1180   53     215    134     0       831     146    965    
1196   34     143    121     21      932     4      1053   
1201   88     354    92      5       755     16     847    
1211   11     48     134     4       1029    3      1163   
1216   43     171    161     19      884     177    1045   
1220   20     77     108     0       1035    400    1143   
1231   97     383    127     0       721     69     848    
1269   63     254    92      5       923     9      1015   
1274   21     80     183     34      1011    1      1194   
1357   26     101    200     37      1056    4      1256   
1362   44     174    93      14      1095    300    1188   
1367   86     348    134     4       885     132    1019   
1368   60     245    200     0       923     9      1123   
1372   18     71     161     19      1140    1      1301   
1388   92     369    150     15      869     261    1019   
1404   17     69     150     15      1185    2      1335   
1406   35     145    200     0       1061    758    1261   
1411   61     248    134     4       1029    19     1163   
1416   42     169    150     15      1097    14     1247   
1443   93     371    161     19      911     77     1072   
1448   67     269    150     15      1029    18     1179   
1453   1      1      200     37      1252    0      1452   
1479   91     368    199     20      912     71     1111   
1491   71     280    183     34      1028    597    1211   
1504   46     180    183     34      1141    168    1324   
1512   76     301    200     37      1011    17     1211   
1518   66     268    199     20      1051    17     1250   
1549   16     68     199     20      1282    0      1481   
1558   68     271    161     19      1126    22     1287   

Processes: 100
Avg WT = 494.4,     Avg RT = 52.1,     Avg TRT = 581.7
Migration%:     RTF= 47.0%,     MaxW= 336.0%
Work Steal%: 346.0%
Forked Processes: 0.0%
Killed Processes: 17.0%
Processes Completed Before Deadline: 11.0%

Processors: 7 [1 FCFS, 2 SJF, 3 RR, 1 EDF]
Processors Load
p1 = 1.2%,     p2 = 2.4%,     p3 = 2.1%,     p4 = 2.5%,     p5 = 2.5%,     p6 = 2.4%,     p7 = 1.9%,     

Processors Utiliz
p1 = 46.7%,     p2 = 89.3%,     p3 = 78.5%,     p4 = 95.1%,     p5 = 94.7%,     p6 = 90.1%,     p7 = 71.0%,     
Avg utilization = 80.8%