TT     PID    AT     CT     IO_D     WT      RT     TRT    
10     4      5      81      5       5       0      5      
34     5      7      27      0       0       0      27     
65     62     9      50      0       6       6      56     
65     63     24     41      0       41      0      41     
139    3      5      134     0       0       0      134    
139    61     6      133     0       133     0      133    
140    41     90     12      1       38      12     50     
142    24     37     40      3       65      39     105    
166    27     40     27      0       99      99     126    
166    67     143    23      0       23      0      23     
181    22     34     127     0       20      0      147    
205    33     51     53      0       101     101    154    
205    70     196    9       0       9       0      9      
206    8      13     90      30      103     23     193    
209    43     100    67      0       42      42     109    
212    23     35     20      0       157     14     177    
215    35     60     20      0       135     29     155    
221    36     65     30      0       126     126    156    
221    69     195    26      0       26      0      26     
236    13     19     92      5       125     0      217    
243    55     160    75      0       8       8      83     
258    14     21     34      0       203     3      237    
260    7      10     73      9       177     24     250    
260    71     207    38      0       53      0      53     
283    42     95     25      0       163     34     188    
286    25     37     35      0       214     17     249    
289    2      3      56      27      230     0      286    
289    65     97     42      0       192     0      192    
320    9      14     121     21      185     0      306    
321    39     80     100     0       141     141    241    
321    72     232    89      0       89      0      89     
342    20     27     108     0       207     161    315    
365    64     72     127     0       166     166    293    
365    73     239    126     0       126     0      126    
415    26     38     66      16      311     48     377    
415    76     370    45      0       45      0      45     
420    6      7      107     22      306     0      413    
423    46     115    100     0       208     208    308    
426    56     165    68      40      193     50     261    
435    34     54     55      0       326     326    381    
436    28     40     70      3       326     77     396    
436    66     121    66      0       293     294    315    
436    77     423    58      0       13      0      13     
452    19     25     93      14      334     233    427    
459    52     145    39      21      275     19     314    
477    15     21     88      22      368     0      456    
477    74     328    26      0       138     139    149    
477    79     468    25      0       9       0      9      
486    60     185    77      0       224     154    301    
490    51     140    154     0       196     196    350    
490    75     340    150     0       150     0      150    
512    32     48     70      6       394     21     464    
530    37     70     50      10      410     48     460    
530    81     491    39      0       39      0      39     
530    12     19     80      4       431     0      511    
533    47     120    23      2       390     315    413    
540    68     169    62      0       309     309    371    
540    80     486    54      0       54      0      54     
544    29     43     101     21      400     24     501    
561    45     110    98      0       353     350    451    
590    40     85     110     20      395     14     505    
591    78     453    51      0       87      87     138    
591    82     546    45      0       10      11     45     
591    84     580    22      0       11      0      11     
609    48     125    48      0       436     436    484    
614    57     170    157     12      287     90     444    
629    54     155    67      23      407     282    474    
629    85     601    28      0       28      0      28     
660    1      3      200     37      457     0      657    
695    18     25     161     19      509     9      670    
700    38     75     45      15      580     380    625    
703    53     150    58      25      495     166    553    
706    11     17     134     4       555     48     689    
709    10     15     200     0       494     4      694    
723    83     547    132     0       44      44     176    
723    86     603    120     0       25      26     120    
723    87     630    119     0       93      0      93     
732    31     46     65      12      621     120    686    
736    58     175    185     0       376     22     561    
740    16     23     199     20      518     0      717    
741    17     24     150     15      567     239    717    
761    59     180    103     0       478     33     581    
787    30     45     169     13      573     409    742    
788    44     105    85      60      598     23     683    
790    50     135    209     5       446     41     655    
812    21     30     183     34      599     9      782    
848    49     130    149     70      569     113    718    

Processes: 87
Avg WT = 231.7,     Avg RT = 74.3,     Avg TRT = 300.3
Migration%:     RTF= 19.5%,     MaxW= 3.4%
Work Steal%: 8.0%
Forked Processes: 31.0%
Killed Processes: 1.1%
Processes Completed Before Deadline: 54.0%

Processors: 8 [2 FCFS, 2 SJF, 2 RR, 2 EDF]
Processors Load
p1 = 2.8%,     p2 = 2.8%,     p3 = 3.0%,     p4 = 2.7%,     p5 = 3.0%,     p6 = 3.1%,     p7 = 2.6%,     p8 = 2.8%,     

Processors Utiliz
p1 = 84.8%,     p2 = 84.8%,     p3 = 92.9%,     p4 = 83.4%,     p5 = 93.5%,     p6 = 95.2%,     p7 = 81.3%,     p8 = 86.9%,     
Avg utilization = 87.9%