TT     PID    AT     CT     IO_D     WT      RT     TRT    
65     14     21     34      0       10      0      44     
75     25     37     35      0       3       3      38     
121    4      5      81      5       35      10     116    
128    33     51     53      0       24      24     77     
139    3      5      134     0       0       0      134    
141    23     35     20      0       86      86     106    
151    12     19     80      4       52      0      132    
166    5      7      27      0       132     132    159    
219    24     37     40      3       142     0      182    
254    28     40     70      3       144     29     214    
257    2      3      56      27      198     0      254    
283    7      10     73      9       200     2      273    
298    22     34     127     0       137     13     264    
301    8      13     90      30      198     0      288    
326    34     54     55      0       217     23     272    
329    13     19     92      5       218     0      310    
332    19     25     93      14      214     126    307    
391    6      7      107     22      277     0      384    
394    32     48     70      6       276     19     346    
397    15     21     88      22      288     161    376    
427    27     40     27      0       360     301    387    
429    31     46     65      12      318     200    383    
475    10     15     200     0       260     0      460    
483    29     43     101     21      339     214    440    
486    9      14     121     21      351     4      472    
489    18     25     161     19      303     212    464    
495    35     60     20      0       415     415    435    
501    11     17     134     4       350     315    484    
545    16     23     199     20      323     5      522    
551    26     38     66      16      447     128    513    
556    21     30     183     34      343     13     526    
605    1      3      200     37      402     0      602    
652    30     45     169     13      438     312    607    
659    20     27     108     0       524     524    632    
662    17     24     150     15      488     247    638    

Processes: 35
Avg WT = 243.2,     Avg RT = 100.5,     Avg TRT = 338.3
Migration%:     RTF= 42.9%,     MaxW= 0.0%
Work Steal%: 20.0%
Forked Processes: 0.0%
Killed Processes: 0.0%
Processes Completed Before Deadline: 34.3%

Processors: 6 [0 FCFS, 2 SJF, 2 RR, 2 EDF]
Processors Load
p1 = 5.5%,     p2 = 5.3%,     p3 = 5.0%,     p4 = 3.9%,     p5 = 4.1%,     p6 = 4.5%,     

Processors Utiliz
p1 = 97.4%,     p2 = 94.0%,     p3 = 88.5%,     p4 = 68.8%,     p5 = 72.4%,     p6 = 81.0%,     
Avg utilization = 83.7%