TT     PID    AT     CT     IO_D     WT      RT     TRT    
10     4      5      81      5       5       0      5      
20     5      7      27      0       13      0      13     
30     7      10     73      9       5       5      20     
82     23     35     20      0       27      1      47     
90     19     25     93      14      65      0      65     
94     14     21     34      0       39      39     73     
121    35     60     20      0       41      6      61     
130    17     24     150     15      59      0      106    
135    27     40     27      0       68      4      95     
139    3      5      134     0       0       0      134    
160    24     37     40      3       83      3      123    
169    25     37     35      0       97      0      132    
170    32     48     70      6       52      28     122    
212    62     140    27      0       45      45     72     
230    22     34     127     0       162     0      196    
240    34     54     55      0       157     157    186    
241    26     38     66      16      137     0      203    
259    49     121    34      0       104     6      138    
271    59     137    40      3       94      75     134    
277    13     19     92      5       166     0      258    
285    40     106    27      0       152     7      179    
291    48     119    92      5       80      44     172    
300    33     51     53      0       218     118    249    
345    11     17     134     4       194     13     328    
377    69     154    55      0       168     15     223    
382    60     137    35      0       210     12     245    
402    63     140    70      3       192     15     262    
419    20     27     108     0       284     0      392    
424    61     138    66      16      220     13     286    
431    12     19     80      4       332     0      412    
447    39     105    81      5       261     135    342    
452    70     160    20      0       272     272    292    
458    10     15     200     0       243     56     443    
470    66     146    65      12      259     66     324    
472    58     135    20      0       317     317    337    
487    8      13     90      30      384     23     474    
493    31     46     65      12      382     36     447    
506    67     148    70      6       288     234    358    
522    6      7      107     22      408     0      515    
549    50     121    88      22      340     8      428    
551    38     100    134     0       317     5      451    
553    47     119    80      4       354     16     434    
561    2      3      56      27      502     0      558    
563    36     90     200     37      273     2      473    
599    15     21     88      22      490     0      578    
601    9      14     121     21      466     0      587    
623    37     95     56      27      472     0      528    
641    1      3      200     37      438     0      638    
717    29     43     101     21      573     248    674    
754    28     40     70      3       644     6      714    
793    42     110    73      9       610     5      683    
807    54     125    93      14      589     10     682    
825    68     151    53      0       621     348    674    
885    64     143    101     21      641     14     742    
910    52     124    150     15      636     118    786    
916    46     117    134     4       665     8      799    
939    44     114    121     21      704     243    825    
963    55     127    108     0       728     10     836    
977    43     113    90      30      774     6      864    
998    57     134    127     0       737     337    864    
1020   30     45     169     13      806     74     975    
1039   41     108    107     22      824     52     931    
1053   65     145    169     13      739     106    908    
1094   53     125    161     19      808     94     969    
1194   18     25     161     19      1008    0      1169   
1202   16     23     199     20      980     0      1179   
1216   51     123    199     20      894     150    1093   
1217   56     130    183     34      904     258    1087   
1233   21     30     183     34      1020    345    1203   
1270   45     115    200     0       955     356    1155   

Processes: 70
Avg WT = 382.8,     Avg RT = 65.2,     Avg TRT = 470.7
Migration%:     RTF= 75.7%,     MaxW= 362.9%
Work Steal%: 341.4%
Forked Processes: 0.0%
Killed Processes: 11.4%
Processes Completed Before Deadline: 72.9%

Processors: 8 [2 FCFS, 2 SJF, 2 RR, 2 EDF]
Processors Load
p1 = 1.5%,     p2 = 1.6%,     p3 = 2.5%,     p4 = 2.0%,     p5 = 3.6%,     p6 = 3.6%,     p7 = 2.1%,     p8 = 1.8%,     

Processors Utiliz
p1 = 38.8%,     p2 = 42.6%,     p3 = 66.5%,     p4 = 53.5%,     p5 = 96.0%,     p6 = 93.6%,     p7 = 54.3%,     p8 = 46.3%,     
Avg utilization = 61.4%