TT     PID    AT     CT     IO_D     WT      RT     TRT    
126    14     63     34      0       29      29     63     
130    2      10     56      27      64      0      120    
133    5      25     27      0       81      81     108    
186    3      15     134     0       37      37     171    
203    15     65     88      22      50      28     138    
235    30     207    107     0       28      0      28     
235    31     216    98      0       19      0      19     
235    27     54     181     0       78      79     181    
235    29     99     136     0       136     0      136    
235    26     32     190     0       13      13     203    
246    25     100    35      0       111     4      146    
264    23     87     20      0       157     8      177    
269    7      39     73      9       157     20     230    
274    4      20     81      5       173     0      254    
305    22     83     127     0       95      3      222    
325    9      43     121     21      161     1      282    
330    24     95     40      3       195     3      235    
332    6      30     107     22      195     0      302    
338    13     54     92      5       192     132    284    
342    8      41     90      30      211     0      301    
359    19     74     93      14      192     4      285    
378    12     50     80      4       248     0      328    
398    33     257    144     0       141     0      141    
398    28     56     166     0       178     179    342    
398    1      1      200     37      197     0      397    
410    18     71     161     19      178     130    339    
454    37     411    119     0       43      0      43     
454    36     409    120     0       0       1      45     
454    38     447    82      0       7       0      7      
454    35     306    130     0       92      93     148    
454    32     247    154     0       53      35     207    
466    10     45     200     0       221     0      421    
529    40     527    2       0       2       0      2      
529    39     486    43      0       0       0      43     
529    34     302    134     0       93      79     227    
547    21     80     183     34      284     27     467    
571    20     77     108     0       386     304    494    
580    17     69     150     15      361     5      511    
582    16     68     199     20      315     72     514    
585    11     48     134     4       403     5      537    

Processes: 40
Avg WT = 139.4,     Avg RT = 34.3,     Avg TRT = 227.4
Migration%:     RTF= 50.0%,     MaxW= 32.5%
Work Steal%: 92.5%
Forked Processes: 37.5%
Killed Processes: 0.0%
Processes Completed Before Deadline: 20.0%

Processors: 8 [2 FCFS, 2 SJF, 3 RR, 1 EDF]
Processors Load
p1 = 5.4%,     p2 = 5.3%,     p3 = 5.6%,     p4 = 4.7%,     p5 = 5.7%,     p6 = 4.6%,     p7 = 4.5%,     p8 = 2.8%,     

Processors Utiliz
p1 = 85.3%,     p2 = 82.0%,     p3 = 87.9%,     p4 = 74.1%,     p5 = 89.1%,     p6 = 72.0%,     p7 = 70.8%,     p8 = 44.2%,     
Avg utilization = 75.7%