TT   PID  AT   CT   IO_D    WT   RT   TRT  
3    2    3    56    27     -56  0    0    
7    6    7    107   22     -107 0    0    
14   9    14   121   21     -121 0    0    
16   1    3    200   37     -187 0    13   
20   13   19   92    5      -91  0    1    
22   10   15   200   0      -193 2    7    
29   3    5    134   0      -110 0    24   
30   21   30   183   34     -183 0    0    
30   19   25   93    14     -88  0    5    
33   18   25   161   19     -153 2    8    
37   24   37   40    3      -40  0    0    
42   27   40   27    0      -25  0    2    
46   31   46   65    12     -65  0    0    
47   28   40   70    3      -63  0    7    
51   7    10   73    9      -32  1    41   
54   33   51   53    0      -50  1    3    
57   34   54   55    0      -52  1    3    
107  15   21   88    22     -2   0    86   
136  17   24   150   15     -38  0    112  
153  20   27   108   0      18   4    126  
183  25   37   35    0      111  0    146  
186  29   43   101   21     42   0    143  
189  26   38   66    16     85   8    151  
218  30   45   169   13     4    0    173  
219  32   48   70    6      101  0    171  
225  22   34   127   0      64   1    191  
311  35   60   20    0      231  0    251  
325  12   19   80    4      226  4    306  
325  16   23   199   20     103  3    302  
342  4    5    81    5      256  0    337  
403  11   17   134   4      252  0    386  
456  23   35   20    0      401  0    421  
512  14   21   34    0      457  0    491  
530  8    13   90    30     427  2    517  
642  5    7    27    0      608  0    635  

Processes: 35
Avg WT = 49,     Avg RT = 0,     Avg TRT = 144
Migration%:     RTF= 0%,     MaxW= 0%
Work Steal%: 34%
Forked Process: 0%
Killed Process: 0%

Processors: 9 [3 FCFS, 3 SJF, 3 RR]
Processors Load
p1= 2.8%,     p2= 0.9%,     p3= 0.4%,     p4= 0.1%,     p5= 0.0%,     p6= 0.0%,     p7= 0.0%,     p8= 0.0%,     p9= 0.0%,     

Processors Utiliz
p1= 21.9%,     p2= 7.0%,     p3= 3.0%,     p4= 0.9%,     p5= 0.0%,     p6= 0.0%,     p7= 0.0%,     p8= 0.0%,     p9= 0.0%,     
Avg utilization = 3%