2   2   2
3
4  50  100  10
35
3   1   200  2   (1,20),(84,17)
3   2   56   4   (12,7),(34,13),(44,2),(52,5)
5   3   134  0
5   4   81   1   (25,5)
7   5   27   0
7   6   107  5   (29,6),(39,6),(49,3),(67,3),(78,4)
10  7   73   2   (33,3),(66,6)
13  8   90   3   (40,10),(60,10),(80,10)
14  9   121  2   (54,9),(90,12)
15  10  200  0
17  11  134  1   (30,4)
19  12  80   2   (50,2),(78,2)
19  13  92   1   (74,5)
21  14  34   0
21  15  88   2   (55,9),(70,13)
23  16  199  3   (67,13),(80,3),(100,4)
24  17  150  2   (53,11),(104,4)
25  18  161  1   (110,19)
25  19  93   1   (65,14)
27  20  108  0
30  21  183  4   (44,6),(61,5),(100,10),(131,13)
34  22  127  0
35  23  20   0
37  24  40   1   (10,3)
37  25  35   0
38  26  66   1   (16,16)
40  27  27   0
40  28  70   1   (35,3)
43  29  101  2   (51,15),(89,6)
45  30  169  3   (69,6),(99,3),(123,4)
46  31  65   2   (25,5),(35,7)
48  32  70   1   (34,6)
51  33  53   0  
54  34  55   0
60  35  20   0
9   34
21  12
24  20
25  1
30  9
31  8
34  35




